5.000 12.000 9.000 4.000 1.000 8.000 7.000 11.000 2.000 3.000 6.000 10.000 
7.000 4.000 12.000 11.000 1.000 8.000 10.000 6.000 5.000 9.000 3.000 2.000 
7.000 4.000 12.000 11.000 1.000 8.000 10.000 6.000 5.000 9.000 3.000 2.000 
7.000 4.000 12.000 11.000 1.000 8.000 10.000 6.000 5.000 9.000 3.000 2.000 
first - 10;
last - 11;

5.000 12.000 9.000 4.000 1.000 8.000 7.000 11.000 2.000 3.000 6.000 10.000 
7.000 4.000 12.000 11.000 1.000 8.000 10.000 6.000 5.000 9.000 3.000 2.000 
7.000 4.000 12.000 11.000 1.000 8.000 10.000 6.000 5.000 9.000 3.000 2.000 
7.000 4.000 12.000 11.000 1.000 8.000 10.000 6.000 5.000 9.000 2.000 3.000 
