iteration: 0
1 5 2 3 6 4  - 24.726634787734
1 6 3 5 2 4  - 23.6758777628075
iteration: 0
4 6 3 2 1 5  - 21.1591380178738
5 1 3 6 4 2  - 19.8342104194845
4 1 3 2 6 5  - 23.8803016272747
4 3 1 5 6 2  - 22.2177656959825
iteration: 0
1 6 4 2 5 3  - 22.0171402124768
1 4 2 5 3 6  - 17.0484991315978
6 1 2 5 3 4  - 27.7362125440204
2 4 3 5 1 6  - 19.717670872676
iteration: 0
6 5 1 4 2 3  - 32.4382064088426
4 2 3 1 6 5  - 30.8521191425864
4 2 3 5 1 6  - 31.1066134372291
4 2 3 5 6 1  - 29.5021778789825
iteration: 0
1 6 3 4 2 5  - 19.7200250517205
1 5 3 2 4 6  - 17.2267983975945
1 6 3 4 2 5  - 19.7200250517205
2 4 3 6 1 5  - 19.7200250517205
iteration: 0
2 4 6 5 1 3  - 24.4971091432949
4 2 1 6 5 3  - 23.4322996816748
2 4 6 5 1 3  - 24.4971091432949
2 4 1 5 6 3  - 23.3750584788504
iteration: 0
1 3 5 2 6 4  - 24.0929114385941
5 4 2 3 6 1  - 21.7864702748072
4 3 5 2 6 1  - 26.3537344631524
4 6 3 2 5 1  - 19.0705359378227
iteration: 0
2 6 1 4 5 3  - 33.6340719725164
3 2 5 6 1 4  - 28.5872208660409
1 3 6 2 5 4  - 35.0152502297495
4 3 6 2 5 1  - 32.0629616123917
iteration: 0
1 6 5 4 2 3  - 28.6272853615821
6 2 3 5 1 4  - 26.8630557050291
3 6 5 4 2 1  - 27.1413899888943
1 2 3 5 6 4  - 24.6415562241532
iteration: 0
1 3 6 2 5 4  - 27.9409617562503
5 3 6 2 1 4  - 20.7773197851038
5 2 6 3 1 4  - 27.9409617562503
4 1 6 2 5 3  - 25.135342752624
iteration: 0
5 6 1 4 2 3  - 19.9927683547105
6 1 3 2 4 5  - 15.2586031780851
2 6 1 4 5 3  - 15.4862420351646
1 3 2 6 4 5  - 13.0688385507412
iteration: 0
6 3 2 5 1 4  - 28.5906106376045
4 2 3 5 6 1  - 19.9202502490581
4 2 3 5 1 6  - 25.3091077610427
4 2 1 5 6 3  - 22.2712399080727
iteration: 0
1 6 3 5 4 2  - 22.0244998126405
3 1 5 6 2 4  - 20.9395942268612
5 1 2 3 6 4  - 19.8266135066872
5 1 2 3 6 4  - 19.8266135066872
iteration: 0
3 5 2 1 4 6  - 31.5136358181544
5 6 3 4 1 2  - 30.6779910678407
5 6 3 1 4 2  - 32.7630701878867
5 6 3 1 4 2  - 32.7630701878867
iteration: 0
4 2 6 3 5 1  - 29.2428294062814
3 5 6 1 4 2  - 28.9429431538763
2 4 6 3 5 1  - 29.651437425358
6 1 2 4 5 3  - 27.8694957680393
iteration: 0
2 5 4 1 6 3  - 21.9854433122023
5 1 4 3 6 2  - 15.7587907396996
5 1 4 3 6 2  - 15.7587907396996
4 5 1 2 6 3  - 14.2464992032603
iteration: 0
3 4 1 5 6 2  - 35.0158816720433
2 4 6 5 1 3  - 32.2816107316323
6 4 1 5 3 2  - 26.3594834554752
2 4 6 5 3 1  - 25.7647904887631
iteration: 0
3 1 6 5 2 4  - 22.2642376368233
2 4 3 6 5 1  - 17.4297070067514
2 1 3 6 5 4  - 22.4572626577957
2 1 5 4 6 3  - 18.0322529617847
iteration: 0
2 6 5 1 3 4  - 28.3807531750671
6 3 2 1 4 5  - 23.721917930861
2 6 5 1 3 4  - 28.3807531750671
6 3 2 1 4 5  - 23.721917930861
iteration: 0
6 5 2 3 4 1  - 27.674494042841
5 1 2 6 3 4  - 19.9164830278216
4 5 2 6 1 3  - 25.5297561569744
5 1 2 3 6 4  - 20.2197076162415
